Ace
Raw numbers
[92160, 0, 215880, 12480, 280152, 36372, 159032, 39664, 93168, 13688, 26536, 2424, 19672, 1412, 4692, 324, 1668, 24, 172, 0, 76, 0, 0, 0, 4, 0, 0, 0, 0, 0, 0, 0, 0, 0, 0, 0, 0, 0, 0, 0]
Average points
4.5226530612244895
Percentage of hands worth Zero
10.1560433747685

Two
Raw numbers
[80640, 0, 225708, 10560, 246456, 36912, 158504, 63012, 87172, 13756, 31688, 5816, 29584, 600, 5968, 580, 2052, 128, 432, 0, 32, 0, 0, 0, 0, 0, 0, 0, 0, 0, 0, 0, 0, 0, 0, 0, 0, 0, 0, 0]
Average points
4.748007202881152
Percentage of hands worth Zero
8.775137111517367

Three
Raw numbers
[93120, 0, 213624, 11520, 214932, 46780, 139312, 74136, 100460, 17228, 31252, 4976, 39476, 728, 7076, 396, 2808, 384, 448, 0, 732, 192, 0, 0, 20, 0, 0, 0, 0, 0, 0, 0, 0, 0, 0, 0, 0, 0, 0, 0]
Average points
4.905062024809924
Percentage of hands worth Zero
10.272703203600742

Four
Raw numbers
[81600, 0, 237540, 9600, 227112, 32488, 143852, 59368, 87464, 30840, 30276, 5928, 32196, 1708, 12320, 136, 4296, 512, 624, 0, 620, 320, 0, 64, 736, 0, 0, 0, 0, 0, 0, 0, 0, 0, 0, 0, 0, 0, 0, 0]
Average points
4.9106642657062824
Percentage of hands worth Zero
8.88888888888889

Five
Raw numbers
[0, 0, 53496, 0, 265152, 18024, 220852, 75728, 160324, 37268, 79572, 7204, 40408, 2940, 22936, 208, 10296, 1216, 408, 0, 2088, 216, 288, 192, 720, 0, 0, 0, 64, 0, 0, 0, 0, 0, 0, 0, 0, 0, 0, 0]
Average points
6.724797919167667
Percentage of hands worth Zero
0.0

Six
Raw numbers
[87360, 0, 251064, 5760, 214140, 36628, 144872, 58572, 81768, 31868, 23616, 6940, 30868, 2136, 12788, 376, 7648, 268, 600, 0, 1000, 384, 0, 64, 880, 0, 0, 0, 0, 0, 0, 0, 0, 0, 0, 0, 0, 0, 0, 0]
Average points
4.8649819927971185
Percentage of hands worth Zero
9.576427255985267

Seven
Raw numbers
[96000, 0, 240012, 9600, 207168, 53512, 150588, 59064, 83160, 14444, 28260, 4372, 36756, 996, 6900, 292, 5544, 204, 360, 0, 1260, 512, 0, 0, 596, 0, 0, 0, 0, 0, 0, 0, 0, 0, 0, 0, 0, 0, 0, 0]
Average points
4.753809523809524
Percentage of hands worth Zero
10.624169986719787

Eight
Raw numbers
[72000, 0, 251328, 15360, 223908, 58368, 161592, 50780, 77084, 13136, 25732, 3452, 32388, 904, 5944, 344, 4728, 140, 208, 0, 1116, 512, 0, 0, 576, 0, 0, 0, 0, 0, 0, 0, 0, 0, 0, 0, 0, 0, 0, 0]
Average points
4.710744297719088
Percentage of hands worth Zero
7.761966364812419

Nine
Raw numbers
[73920, 0, 258600, 22080, 226692, 51812, 153348, 43260, 84140, 19188, 26856, 3368, 24100, 1264, 4692, 676, 4120, 204, 160, 0, 844, 128, 0, 0, 148, 0, 0, 0, 0, 0, 0, 0, 0, 0, 0, 0, 0, 0, 0, 0]
Average points
4.602284913965586
Percentage of hands worth Zero
7.985480943738657

Ten
Raw numbers
[115200, 0, 239472, 39360, 197304, 36564, 131024, 42608, 104336, 23912, 33724, 3376, 17632, 1640, 6032, 988, 5520, 384, 120, 0, 340, 12, 48, 0, 0, 0, 0, 0, 4, 0, 0, 0, 0, 0, 0, 0, 0, 0, 0, 0]
Average points
4.516938775510204
Percentage of hands worth Zero
13.025780189959294

Jack
Raw numbers
[125760, 0, 260820, 28800, 206676, 29948, 128452, 37564, 95796, 21872, 31916, 3064, 15836, 1556, 5236, 668, 4752, 384, 96, 0, 340, 12, 48, 0, 0, 0, 0, 0, 4, 0, 0, 0, 0, 0, 0, 0, 0, 0, 0, 0]
Average points
4.32204481792717
Percentage of hands worth Zero
14.391650645427081

Queen
Raw numbers
[137280, 0, 278328, 22080, 210564, 23120, 133536, 31040, 88220, 18228, 29504, 2704, 14792, 988, 4024, 348, 4008, 372, 60, 0, 340, 12, 48, 0, 0, 0, 0, 0, 4, 0, 0, 0, 0, 0, 0, 0, 0, 0, 0, 0]
Average points
4.127150860344138
Percentage of hands worth Zero
15.919844141386028

King
Raw numbers
[154560, 0, 292308, 9600, 208524, 20372, 142016, 30264, 78628, 10412, 28648, 2736, 14492, 508, 4292, 24, 1800, 0, 72, 0, 292, 0, 48, 0, 0, 0, 0, 0, 4, 0, 0, 0, 0, 0, 0, 0, 0, 0, 0, 0]
Average points
3.9322569027611043
Percentage of hands worth Zero
18.290258449304176